TREEPAIR_50_15_50_01; 13; 9,0009177
TREEPAIR_50_15_50_02; 14; 12,0007391
TREEPAIR_50_15_50_03; 20; 12,0008259
TREEPAIR_50_15_50_04; 20; 8,0005464
TREEPAIR_50_15_50_05; 19; 8,0003466
TREEPAIR_50_15_70_01; 16; 11,0007044
TREEPAIR_50_15_70_02; 18; 11,0006636
TREEPAIR_50_15_70_03; 15; 12,0006071
TREEPAIR_50_15_70_04; 19; 10,0006226
TREEPAIR_50_15_70_05; 14; 11,0007561
TREEPAIR_50_15_90_01; 14; 13,0010131
TREEPAIR_50_15_90_02; 19; 9,0007894
TREEPAIR_50_15_90_03; 13; 10,0006772
TREEPAIR_50_15_90_04; 21; 10,0008727
TREEPAIR_50_15_90_05; 20; 10,0007044
TREEPAIR_50_35_50_01; 22; 16,001142
TREEPAIR_50_35_50_02; 29; 18,001574
TREEPAIR_50_35_50_03; 29; 14,0011829
TREEPAIR_50_35_50_04; 31; 16,0009149
TREEPAIR_50_35_50_05; 27; 18,0015062
TREEPAIR_50_35_70_01; 26; 14,0015189
TREEPAIR_50_35_70_02; 26; 13,0007314
TREEPAIR_50_35_70_03; 27; 13,0006392
TREEPAIR_50_35_70_04; 28; 16,0013145
TREEPAIR_50_35_70_05; 28; 16,0010611
TREEPAIR_50_35_90_01; 27; 19,0019931
TREEPAIR_50_35_90_02; 30; 21,0023351
TREEPAIR_50_35_90_03; 29; 16,0009259
TREEPAIR_50_35_90_04; 26; 16,0016919
TREEPAIR_50_35_90_05; 27; 14,0010972
TREEPAIR_150_15_50_01; 25; 15,0081445
TREEPAIR_150_15_50_02; 16; 14,003057
TREEPAIR_150_15_50_03; 20; 17,0031956
TREEPAIR_150_15_50_04; 21; 14,0024677
TREEPAIR_150_15_50_05; 21; 14,0021543
TREEPAIR_150_15_70_01; 17; 16,0068124
TREEPAIR_150_15_70_02; 16; 15,0030378
TREEPAIR_150_15_70_03; 23; 15,002263
TREEPAIR_150_15_70_04; 15; 13,0022404
TREEPAIR_150_15_70_05; 24; 12,0020048
TREEPAIR_150_15_90_01; 15; 15,0042672
TREEPAIR_150_15_90_02; 18; 14,0047225
TREEPAIR_150_15_90_03; 15; 14,0147633
TREEPAIR_150_15_90_04; 34; 13,0069132
TREEPAIR_150_15_90_05; 22; 14,0023299
TREEPAIR_150_35_50_01; 41; 25,0158463
TREEPAIR_150_35_50_02; 40; 26,0133881
TREEPAIR_150_35_50_03; 40; 32,0162731
TREEPAIR_150_35_50_04; 43; 27,0213901
TREEPAIR_150_35_50_05; 43; 26,0257349
TREEPAIR_150_35_70_01; 46; 34,036555
TREEPAIR_150_35_70_02; 47; 25,0138485
TREEPAIR_150_35_70_03; 38; 25,0078743
TREEPAIR_150_35_70_04; 45; 27,0117205
TREEPAIR_150_35_70_05; 40; 26,01571
TREEPAIR_150_35_90_01; 34; 31,0364828
TREEPAIR_150_35_90_02; 48; 25,0265082
TREEPAIR_150_35_90_03; 36; 29,0298318
TREEPAIR_150_35_90_04; 41; 26,0111212
TREEPAIR_150_35_90_05; 36; 28,0248596
TREEPAIR_250_15_50_01; 27; 14,0069625
TREEPAIR_250_15_50_02; 30; 14,0048897
TREEPAIR_250_15_50_03; 27; 14,0091405
TREEPAIR_250_15_50_04; 29; 14,0089163
TREEPAIR_250_15_50_05; 15; 15,0054982
TREEPAIR_250_15_70_01; 24; 14,0048748
TREEPAIR_250_15_70_02; 15; 15,015092
TREEPAIR_250_15_70_03; 25; 14,0041165
TREEPAIR_250_15_70_04; 24; 15,0046242
TREEPAIR_250_15_70_05; 27; 11,0032119
TREEPAIR_250_15_90_01; 13; 13,0056128
TREEPAIR_250_15_90_02; 15; 15,0222888
TREEPAIR_250_15_90_03; 24; 13,0114422
TREEPAIR_250_15_90_04; 28; 15,0131516
TREEPAIR_250_15_90_05; 34; 14,0367711
TREEPAIR_250_35_50_01; 44; 29,0517827
TREEPAIR_250_35_50_02; 54; 25,0639049
TREEPAIR_250_35_50_03; 43; 29,0243556
TREEPAIR_250_35_50_04; 45; 32,0309894
TREEPAIR_250_35_50_05; 48; 31,0824921
TREEPAIR_250_35_70_01; 54; 28,0432533
TREEPAIR_250_35_70_02; 43; 30,0696391
TREEPAIR_250_35_70_03; 49; 29,020661
TREEPAIR_250_35_70_04; 48; 32,0617618
TREEPAIR_250_35_70_05; 50; 28,0498181
TREEPAIR_250_35_90_01; 64; 31,1346724
TREEPAIR_250_35_90_02; 43; 31,0956077
TREEPAIR_250_35_90_03; 33; 31,054024
TREEPAIR_250_35_90_04; 58; 30,0234921
TREEPAIR_250_35_90_05; 55; 29,0387879
TREEPAIR_350_15_50_01; 27; 13,0064787
TREEPAIR_350_15_50_02; 25; 13,0035068
TREEPAIR_350_15_50_03; 23; 15,0064812
TREEPAIR_350_15_50_04; 28; 14,0089159
TREEPAIR_350_15_50_05; 15; 15,0054778
TREEPAIR_350_15_70_01; 16; 15,0261373
TREEPAIR_350_15_70_02; 30; 15,0068875
TREEPAIR_350_15_70_03; 29; 15,0210115
TREEPAIR_350_15_70_04; 24; 14,0071546
TREEPAIR_350_15_70_05; 25; 13,0042551
TREEPAIR_350_15_90_01; 31; 17,0134789
TREEPAIR_350_15_90_02; 36; 17,0684615
TREEPAIR_350_15_90_03; 42; 15,010776
TREEPAIR_350_15_90_04; 36; 15,0105229
TREEPAIR_350_15_90_05; 15; 14,0137132
TREEPAIR_350_35_50_01; 51; 31,0329004
TREEPAIR_350_35_50_02; 64; 38,1012638
TREEPAIR_350_35_50_03; 47; 33,0364833
TREEPAIR_350_35_50_04; 45; 34,0832391
TREEPAIR_350_35_50_05; 52; 32,0477415
TREEPAIR_350_35_70_01; 47; 35,1022784
TREEPAIR_350_35_70_02; 48; 29,0453069
TREEPAIR_350_35_70_03; 53; 31,0311602
TREEPAIR_350_35_70_04; 45; 33,0400184
TREEPAIR_350_35_70_05; 58; 32,049025
TREEPAIR_350_35_90_01; 63; 38,1095485
TREEPAIR_350_35_90_02; 77; 35,1274169
TREEPAIR_350_35_90_03; 59; 33,0401735
TREEPAIR_350_35_90_04; 60; 30,1080332
TREEPAIR_350_35_90_05; 68; 34,1319527
TREEPAIR_500_35_50_01; 55; 31,1287848
TREEPAIR_500_35_50_02; 52; 33,1071007
TREEPAIR_500_35_50_03; 47; 35,1398388
TREEPAIR_500_35_50_04; 51; 33,0799634
TREEPAIR_500_35_50_05; 49; 30,0859816
TREEPAIR_500_35_70_01; 46; 33,0948335
TREEPAIR_500_35_70_02; 36; 34,125130301
TREEPAIR_500_35_70_03; 49; 34,115978799
TREEPAIR_500_35_70_04; 54; 28,0972711
TREEPAIR_500_35_70_05; 48; 32,067680401
TREEPAIR_500_35_90_01; 54; 30,1142692
TREEPAIR_500_35_90_02; 64; 39,8397608
TREEPAIR_500_35_90_03; 65; 38,4469638
TREEPAIR_500_35_90_04; 62; 41,3627792
TREEPAIR_500_35_90_05; 91; 34,4014484
TREEPAIR_1000_35_50_01; 48; 36,100596
TREEPAIR_1000_35_50_02; 53; 39,176820901
TREEPAIR_1000_35_50_03; 48; 36,1970402
TREEPAIR_1000_35_50_04; 50; 35,2031264
TREEPAIR_1000_35_50_05; 51; 38,5455901
TREEPAIR_1000_35_70_01; 53; 34,3507414
TREEPAIR_1000_35_70_02; 56; 38,1620751
TREEPAIR_1000_35_70_03; 59; 46,3881497
TREEPAIR_1000_35_70_04; 57; 40,5823895
TREEPAIR_1000_35_70_05; 56; 35,1647627
TREEPAIR_1000_35_90_01; 86; 35,3182592
TREEPAIR_1000_35_90_02; 97; 51,3076357
TREEPAIR_1000_35_90_03; 85; 44,0182479
TREEPAIR_1000_35_90_04; 91; 49,3450348
TREEPAIR_1000_35_90_05; 74; 44,6652573
TREEPAIR_1500_35_50_01; 50; 35,3634004
TREEPAIR_1500_35_50_02; 55; 38,2925164
TREEPAIR_1500_35_50_03; 56; 41,3140905
TREEPAIR_1500_35_50_04; 57; 42,6427674
TREEPAIR_1500_35_50_05; 51; 38,6047254
TREEPAIR_1500_35_70_01; 57; 40,3448809
TREEPAIR_1500_35_70_02; 59; 37,2285547
TREEPAIR_1500_35_70_03; 58; 41,5868667
TREEPAIR_1500_35_70_04; 59; 41,2700193
TREEPAIR_1500_35_70_05; 81; 46,6588092
TREEPAIR_1500_35_90_01; 101; 43,4528915
TREEPAIR_1500_35_90_02; 96; 41,4317662
TREEPAIR_1500_35_90_03; 112; 56,8084004
TREEPAIR_1500_35_90_04; 80; 40,6702351
TREEPAIR_1500_35_90_05; 121; 65,2282396
TREEPAIR_2000_35_50_01; 67; 38,2538894
TREEPAIR_2000_35_50_02; 65; 41,2787197
TREEPAIR_2000_35_50_03; 56; 41,258378
TREEPAIR_2000_35_50_04; 58; 43,4267146
TREEPAIR_2000_35_50_05; 56; 43,5003067
TREEPAIR_2000_35_70_01; 66; 38,3417907
TREEPAIR_2000_35_70_02; 60; 41,3789398
TREEPAIR_2000_35_70_03; 55; 39,6441815
TREEPAIR_2000_35_70_04; 64; 42,550191
TREEPAIR_2000_35_70_05; 57; 38,3263633
TREEPAIR_2000_35_90_01; 112; 59,002448
TREEPAIR_2000_35_90_02; 81; 45,6095244
TREEPAIR_2000_35_90_03; 84; 54,7694277
TREEPAIR_2000_35_90_04; 86; 51,831464
TREEPAIR_2000_35_90_05; 85; 60,8661502
TREEPAIR_2500_35_50_01; 56; 42,6663411
TREEPAIR_2500_35_50_02; 60; 41,3994824
TREEPAIR_2500_35_50_03; 55; 40,346568
TREEPAIR_2500_35_50_04; 69; 40,8055912
TREEPAIR_2500_35_50_05; 51; 36,241634
TREEPAIR_2500_35_70_01; 63; 43,3654747
TREEPAIR_2500_35_70_02; 68; 39,2857934
TREEPAIR_2500_35_70_03; 61; 43,8286819
TREEPAIR_2500_35_70_04; 61; 44,6632086
TREEPAIR_2500_35_70_05; 63; 41,5007183
TREEPAIR_2500_35_90_01; 84; 46,0501793
TREEPAIR_2500_35_90_02; 93; 54,1361524
TREEPAIR_2500_35_90_03; 100; 47,5510765
TREEPAIR_2500_35_90_04; 82; 39,998956
TREEPAIR_2500_35_90_05; 112; 58,7387695
TREEPAIR_3000_35_50_01; 67; 40,8368602
TREEPAIR_3000_35_50_02; 61; 38,2071981
TREEPAIR_3000_35_50_03; 66; 49,5489407
TREEPAIR_3000_35_50_04; 57; 38,409704
TREEPAIR_3000_35_50_05; 68; 42,5811531
TREEPAIR_3000_35_70_01; 66; 44,8638662
TREEPAIR_3000_35_70_02; 60; 40,8201243
TREEPAIR_3000_35_70_03; 90; 59,5272182
TREEPAIR_3000_35_70_04; 63; 44,5437701
TREEPAIR_3000_35_70_05; 65; 42,6946614
TREEPAIR_3000_35_90_01; 80; 42,0634712
TREEPAIR_3000_35_90_02; 109; 69,3755978
TREEPAIR_3000_35_90_03; 103; 55,1806754
TREEPAIR_3000_35_90_04; 93; 65,704197
TREEPAIR_3000_35_90_05; 87; 53,2385884