TREEPAIR_500_35_50_01; 58; 74,1854832
TREEPAIR_500_35_50_02; 60; 62,0469098
TREEPAIR_500_35_50_03; 49; 62,056492401
TREEPAIR_500_35_50_04; 53; 62,069431199
TREEPAIR_500_35_50_05; 48; 68,037461201
TREEPAIR_500_35_70_01; 46; 66,1151232
TREEPAIR_500_35_70_02; 52; 72,1348793
TREEPAIR_500_35_70_03; 50; 68,165404
TREEPAIR_500_35_70_04; 50; 58,0287426
TREEPAIR_500_35_70_05; 48; 64,063051
TREEPAIR_500_35_90_01; 55; 62,113225
TREEPAIR_500_35_90_02; 63; 76,5480996
TREEPAIR_500_35_90_03; 64; 74,3448977
TREEPAIR_500_35_90_04; 63; 62,255534001
TREEPAIR_500_35_90_05; 72; 64,1457594
TREEPAIR_1000_35_50_01; 50; 74,0912154
TREEPAIR_1000_35_50_02; 50; 70,1211132
TREEPAIR_1000_35_50_03; 60; 68,102219199
TREEPAIR_1000_35_50_04; 49; 68,077311001
TREEPAIR_1000_35_50_05; 52; 74,2358959
TREEPAIR_1000_35_70_01; 53; 68,0851796
TREEPAIR_1000_35_70_02; 62; 70,2590519
TREEPAIR_1000_35_70_03; 55; 72,1481213
TREEPAIR_1000_35_70_04; 60; 78,1293053
TREEPAIR_1000_35_70_05; 57; 70,0931029
TREEPAIR_1000_35_90_01; 85; 70,2388385
TREEPAIR_1000_35_90_02; 72; 78,9985088
TREEPAIR_1000_35_90_03; 53; 76,8662458
TREEPAIR_1000_35_90_04; 56; 77,1391103
TREEPAIR_1000_35_90_05; 66; 72,4718438
TREEPAIR_1500_35_50_01; 58; 76,2856183
TREEPAIR_1500_35_50_02; 52; 70,2747252
TREEPAIR_1500_35_50_03; 53; 72,1363888
TREEPAIR_1500_35_50_04; 52; 74,1616058
TREEPAIR_1500_35_50_05; 54; 74,2908441
TREEPAIR_1500_35_70_01; 55; 68,1345927
TREEPAIR_1500_35_70_02; 57; 68,1861779
TREEPAIR_1500_35_70_03; 61; 78,3033857
TREEPAIR_1500_35_70_04; 55; 74,2509806
TREEPAIR_1500_35_70_05; 58; 78,3000706
TREEPAIR_1500_35_90_01; 82; 91,0171669
TREEPAIR_1500_35_90_02; 63; 82,9841268
TREEPAIR_1500_35_90_03; 93; 116,372604
TREEPAIR_1500_35_90_04; 81; 102,6417126
TREEPAIR_1500_35_90_05; 65; 74,5519239
TREEPAIR_2000_35_50_01; 65; 72,1225221
TREEPAIR_2000_35_50_02; 53; 76,3722952
TREEPAIR_2000_35_50_03; 55; 76,2073762
TREEPAIR_2000_35_50_04; 56; 72,1514793
TREEPAIR_2000_35_50_05; 54; 76,188022
TREEPAIR_2000_35_70_01; 65; 70,2768298
TREEPAIR_2000_35_70_02; 58; 66,4129948
TREEPAIR_2000_35_70_03; 65; 84,3837438
TREEPAIR_2000_35_70_04; 59; 72,2104524
TREEPAIR_2000_35_70_05; 75; 70,2836072
TREEPAIR_2000_35_90_01; 79; 78,6652927
TREEPAIR_2000_35_90_02; 74; 72,7531008
TREEPAIR_2000_35_90_03; 71; 84,0940736
TREEPAIR_2000_35_90_04; 103; 88,6824285
TREEPAIR_2000_35_90_05; 80; 94,547615
TREEPAIR_2500_35_50_01; 52; 76,5468408
TREEPAIR_2500_35_50_02; 60; 82,4610946
TREEPAIR_2500_35_50_03; 54; 78,1883283
TREEPAIR_2500_35_50_04; 57; 74,3529083
TREEPAIR_2500_35_50_05; 51; 72,3064194
TREEPAIR_2500_35_70_01; 57; 74,3908989
TREEPAIR_2500_35_70_02; 63; 68,1857024
TREEPAIR_2500_35_70_03; 75; 84,6420909
TREEPAIR_2500_35_70_04; 55; 76,3042388
TREEPAIR_2500_35_70_05; 61; 76,3661995
TREEPAIR_2500_35_90_01; 93; 121,6248321
TREEPAIR_2500_35_90_02; 101; 101,5618609
TREEPAIR_2500_35_90_03; 84; 110,9132162
TREEPAIR_2500_35_90_04; 82; 83,1277543
TREEPAIR_2500_35_90_05; 99; 99,8721377
TREEPAIR_3000_35_50_01; 51; 74,4444989
TREEPAIR_3000_35_50_02; 60; 74,1758159
TREEPAIR_3000_35_50_03; 57; 76,2757851
TREEPAIR_3000_35_50_04; 56; 74,3633958
TREEPAIR_3000_35_50_05; 69; 78,5830737
TREEPAIR_3000_35_70_01; 63; 82,5058125
TREEPAIR_3000_35_70_02; 61; 80,4892857
TREEPAIR_3000_35_70_03; 72; 90,7384743
TREEPAIR_3000_35_70_04; 59; 78,327873
TREEPAIR_3000_35_70_05; 66; 84,3763111
TREEPAIR_3000_35_90_01; 77; 71,6728137
TREEPAIR_3000_35_90_02; 112; 122,8335475
TREEPAIR_3000_35_90_03; 158; 122,1962298
TREEPAIR_3000_35_90_04; 84; 112,592977
TREEPAIR_3000_35_90_05; 90; 120,4011903