1. [22, 14]
2. [22, 14]
    1. [16, 49]
    2. [16, 49]
        1. [40, 49]
        2. [40, 49]
            1. [7, 49]
            2. [7, 49]
            3. [7, 49]
            4. [7, 49]
        3. [40, 49]
        4. [40, 49]
        
        1. [7, 40]
        2. [7, 40]
        3. [7, 40]
        4. [7, 40]
        
        1. [7, 40]
        2. [7, 40]
        3. [7, 40]
        4. [7, 40]
        
        1. [37, 17]
        2. [37, 17]
        3. [37, 17]
        4. [37, 17]
    3. [16, 49]
    4. [16, 49]